0.005166
0.008137
0.000180
0.000339
0.000120
0.001292
0.000371
0.000138
0.001298
0.000087
0.000077
0.000144
0.000607
0.000340
0.000168
0.000660
0.001880
0.000188
0.000082
0.002148
0.000582
0.001067
0.000312
0.000467
0.000196
0.000858
0.000191
0.000908
0.001032
0.000134
0.000839
0.000860
0.006455
0.000077
0.000093
0.000663
0.000649
0.000077
0.000688
0.000161
0.000818
0.000603
0.000237
0.000954
0.000238
0.000101
0.000077
0.000334
0.000235
0.001734
0.000207
0.002314
0.000250
0.000564
0.000136
0.000899
0.000214
0.000077
0.000099
0.000613
0.000456
0.002050
0.000898
0.000111
0.000247
0.000144
0.001156
0.001211
0.001626
0.001003
0.000581
0.000176
0.000481
0.000178
0.000253
0.000277
0.000077
0.000223
0.001247
0.000358
0.001790
0.000441
0.000364
0.000326
0.000083
0.000539
0.001196
0.000122
0.000385
0.000077
0.000141
0.001123
0.001739
0.000401
0.001125
0.000172
0.000311
0.001391
0.000077
0.000481
0.000077
0.000155
0.000111
0.000646
0.000365
0.000975
0.000149
0.001021
0.001230
0.000222
0.000087
0.000996
0.000077
0.001485
0.000077
0.000403
0.000144
0.000078
0.000217
0.000570
0.000413
0.000417
0.000141
0.000325
0.000077
0.000081
0.000191
0.000389
0.000191
0.002558
0.000111
0.000089
0.000077
0.000100
0.000278
0.000077
0.000248
0.000185
0.000422
0.000531
0.000077
0.000144
0.001235
0.000730
0.000712
0.000224
0.000077
0.000174
0.000330
0.000077
0.000695
0.000346
0.001363
0.000607
0.000077
0.000585
0.000081
0.000884
0.000241
0.000661
0.000211
0.000221
0.000599
0.001197
0.000287
0.001045
0.000344
0.001172
0.000249
0.000245
0.001201
0.000077
0.000077
0.000408
0.000668
0.000151
0.000077
0.000144
0.000156
0.000083
0.000395
0.000196
0.000083
0.000083
0.000083
0.000083
0.000083
0.000083
0.000083
0.000083
0.000083
0.000083
0.000083
0.000083
0.000083
0.000083
0.002967
0.000083
0.000083
0.000083
0.000083
0.000083
0.000083
0.000083
0.000083
0.000083
0.000083
0.000083
0.000083
0.001012
0.001012
0.001012
0.001012
0.001012
0.000083
0.000083
0.000083
0.000083
0.000083
0.000083
0.000083
0.000083
0.000083
0.000083
0.000083
0.000083
0.000083
0.000083
0.000818
0.000083
0.000083
0.000083
0.000083
0.000083
0.000083
0.000083
0.000083
0.000083
0.000083
0.000083
0.000083
0.000083
0.000083
0.000083
0.000083
0.000083
0.000083
0.000083
0.000083
0.000083
0.000083
0.000083
0.000083
0.000083
0.000083
0.000077
0.000077
0.000079
0.000212
0.000077
0.000077
0.000077
0.000077
0.000077
0.000315
0.000077
0.000077
0.000077
0.000077
0.000077
0.000077
0.000077
0.000077
0.000077
0.000077
0.000077
0.000175
0.000175
0.000175
0.000175
0.000175
0.000175
0.000175
0.000077
0.000166
0.000166
0.000166
0.000188
0.000166
0.000188
0.000077
0.000239
0.000239
0.000172
0.000166
0.000166
0.000566
0.000166
0.000166
0.000166
0.000166
0.000166
0.000166
0.000166
0.000166
0.000166
0.000166
0.000166
0.000166
0.000166
0.000166
0.000166
0.000166
0.000166
0.000166
0.000166
0.000166
0.000166
0.000166
0.000166
0.000166
0.000166
0.000166
0.000166
0.000166
0.000166
0.000166
0.000483
0.000180
0.000166
0.003055
0.000166
0.000077
0.000077
0.000077
0.000077
0.000077
0.000077
0.000077
0.000077
0.000077
0.000077
0.000077
0.000077
0.000077
0.000077
0.000077
0.000077
0.000077
0.003090
0.000077
0.000127
0.000077
0.000658
0.001096
0.001355
0.000214
0.000208
0.000316
0.000316
0.000316
0.000259
0.000305
0.000214
0.000428
0.000088
0.000077
0.000077
0.000327
0.000327
0.000258
0.000943
0.000943
0.000214
0.000320
0.000320
0.000258
0.000327
0.000320
0.001243
0.000077
0.000077
0.000077
0.000077
0.000077
0.000077
0.000081
0.000077
0.000077
0.000077
0.000077
0.000077
0.000077
0.000077
0.000077
0.000077
0.000077
0.000077
0.000077
0.000077
0.000077
0.000127
0.000077
0.000077
0.000077
0.001161
0.000141
0.000141
0.000141
0.000162
0.000141
0.000156
0.000141
0.000141
0.000141
0.000141
0.000141
0.000317
0.000317
0.002519
0.000364
0.000077
0.000077
0.000077
0.000077
0.000077
0.000077
0.000077
0.000077
0.000077
0.000077
0.000077
0.000077
0.000077
0.000077
0.000077
0.000077
0.000077
0.000077
0.000077
0.000077
0.000077
0.000077
0.000077
0.000077
0.000077
0.000077
0.000077
0.000077
0.003748
0.001430
0.001076
0.000512
0.000502
0.000092
0.000559
0.000149
0.000716
0.000716
0.002519
0.002974
0.000077
0.000077
0.000077
0.000077
0.000077
0.000077
0.000077
0.000077
0.000077
0.000077
0.000077
0.000191
0.000098
0.000098
0.000098
0.000098
0.000087
0.000087
0.000087
0.000148
0.000087
0.000148
0.000087
0.000083
0.000141
0.000569
0.000085
0.000092
0.000092
0.000077
0.000077
0.000234
0.000077
0.000077
0.000077
0.000077
0.000077
0.000077
0.000077
0.000077
0.000077
0.000077
0.000077
0.000077
0.000077
0.000077
0.000077
0.000077
0.000077
0.000077
0.000123
0.000082
0.000081
0.000081
0.000081
0.000081
0.000081
0.000081
0.000081
0.000081
0.000086
0.000081
0.000081
0.000081
0.000131
0.001798
0.000077
0.000080
0.000498
0.000077
0.000077
0.000077
0.000147
0.000194
0.000194
0.000194
0.000199
0.000199
0.000199
0.000199
0.000191
0.000199
0.000199
0.000882
0.000077
0.000077
0.000077
0.000613
0.000077
0.000077
0.000077
0.000077
0.000077
0.000111
0.000077
0.000114
0.000077
0.000077
0.000077
0.000147
0.000077
0.000077
0.000077
0.000077
0.000102
0.000077
0.000077
0.000077
0.000331
0.000179
0.000229
0.000126
0.000077
0.000179
0.000077
0.000303
0.000077
0.000236
0.000180
0.000077
0.000390
0.000115
0.000077
0.000171
0.000390
0.000517
0.000077
0.000077
0.000077
0.000585
0.000077
0.000077
0.000077
0.000077
0.000077
0.000371
0.000094
0.000094
0.000077
0.000077
0.000567
0.000094
0.000813
0.000077
0.000430
0.000077
0.000077
0.000077
0.000695
0.000080
0.000077
0.000077
0.000077
0.000077
0.000077
0.000077
0.000077
0.000077
0.000077
0.000544
0.000077
0.000077
0.000077
0.000077
0.003238
0.003433
0.000421
0.002770
0.000119
0.000119
0.000125
0.000420
0.000084
0.000084
0.000079
0.000119
0.000132
0.000433
0.000421
0.000420
0.000425
0.001042
0.000425
0.000125
0.000425
0.000421
0.001209
0.000660
0.001113
0.001074
0.000660
0.000087
0.000087
0.000087
0.000087
0.000087
0.000087
0.000087
0.000109
0.000087
0.000087
0.000087
0.000077
0.000087
0.000087
0.000087
0.000087
0.000087
0.000087
0.000087
0.000087
0.000087
0.000087
0.000087
0.000087
0.000087
0.000087
0.000087
0.000087
0.000087
0.000087
0.000087
0.000087
0.000087
0.000087
0.000087
0.000087
0.000087
0.000087
0.000077
0.000087
0.000087
0.000132
0.000119
0.000119
0.000077
0.000919
0.000077
0.000077
0.000077
0.000077
0.000077
0.000077
0.000077
0.000077
0.000077
0.000082
0.000077
0.000077
0.000077
0.000077
0.000114
0.000077
0.003480
0.005093
0.000873
0.000077
0.000077
0.000077
0.000077
0.000077
0.000077
0.000077
0.000077
0.000077
0.000077
0.000077
0.000077
0.000077
0.000077
0.000077
0.000077
0.000077
0.000077
0.000077
0.000077
0.000077
0.000077
0.000077
0.000077
0.000077
0.000077
0.000077
0.000105
0.000077
0.000077
0.000077
0.000077
0.000077
0.000077
0.000077
0.000077
0.000077
0.000077
0.000077
0.000077
0.000077
0.000077
0.000077
0.000077
0.000077
0.000077
0.000077
0.000077
0.000077
0.000077
0.000077
0.000077
0.000077
0.000077
0.000077
0.000077
0.000077
0.000077
0.000077
0.000077
0.000077
0.000077
0.000077
0.000077
0.000077
0.000077
0.000077
0.000151
0.000151
0.000151
0.000151
0.000151
0.000151
0.000151
0.000151
0.000151
0.000151
0.000151
0.000151
0.000151
0.000077
0.000077
0.000077
0.000077
0.000077
0.000077
0.000077
0.000077
0.000077
0.000077
0.000077
0.000077
0.000077
0.000077
0.000077
0.000077
0.000077
0.000116
0.000329
0.000116
0.000077
0.000077
0.000077
0.000077
0.000077
0.000077
0.000077
0.000077
0.000077
0.000077
0.000077
0.000077
0.000077
0.000077
0.000077
0.000077
0.000077
0.000077
0.000077
0.000077
0.001301
0.000105
0.000105
0.000105
0.000105
0.000105
0.000105
0.000105
0.000105
0.000105
0.000105
0.000332
0.000105
0.000530
0.000105
0.000105
0.000105
0.000105
0.000105
0.000105
0.000077
0.000105
0.000105
0.000105
0.000105
0.000105
0.000105
0.000105
0.000105
0.000105
0.000105
0.000105
0.000105
0.000105
0.000200
0.000105
0.000105
0.000105
0.000105
0.000119
0.000105
0.000105
0.000105
0.000105
0.000105
0.000105
0.000105
0.000105
0.000105
0.000105
0.000139
0.000164
0.005737
0.002061
0.000105
0.000105
0.000105
0.000077
0.000077
0.000077
0.000077
0.000077
0.000077
0.000077
0.000077
0.000077
0.000077
0.000077
0.000077
0.000077
0.000077
0.000077
0.000077
0.000077
0.000077
0.000077
0.000077
0.000077
0.000077
0.000077
0.000077
0.000077
0.000077
0.000077
0.000077
0.000077
0.000077
0.000164
0.000130
0.000188
0.000077
0.000077
0.000077
0.000077
0.000077
0.000077
0.000077
0.000077
0.000077
0.000077
0.000077
0.000077
0.000077
0.000077
0.000077
0.000187
0.000077
0.000077
0.000082
0.003513
0.000082
0.000077
0.000077
0.000082
0.000077
0.000077
0.000077
0.000079
0.000079
0.000079
0.000079
0.000079
0.000079
0.000079
0.000079
0.000079
0.000079
0.000079
0.000079
0.000102
0.000079
0.000079
0.000079
0.000079
0.000079
0.000096
0.000079
0.000079
0.000119
0.000079
0.000077
0.000079
0.000079
0.000079
0.000079
0.000102
0.000079
0.000077
0.000077
0.000082
0.000077
0.000077
0.000077
0.000077
0.000077
0.000077
0.000077
0.000077
0.000077
0.000077
0.000077
0.000077
0.000077
0.000077
0.000077
0.000082
0.000077
0.000077
0.000082
0.000077
0.000077
0.000082
0.000077
0.000077
0.000077
0.000077
0.000077
0.000077
0.000077
0.000077
0.000077
0.000077
0.000077
0.000077
0.000077
0.000077
0.000077
0.000077
0.000077
0.000077
0.000077
0.000077
0.000077
0.000077
0.000077
0.000077
0.000077
0.000077
0.000077
0.000082
0.000077
0.000077
0.000077
0.000077
0.000077
0.003595
0.000077
0.000077
0.000077
0.000077
0.000077
0.000077
0.000077
0.000077
0.000077
0.000077
0.000077
0.000077
0.000077
0.000077
0.000077
0.000077
0.000077
0.000077
0.000077
0.000077
0.000077
0.000082
0.000077
0.000077
0.000077
0.000077
0.000077
0.000077
0.000077
0.000082
0.000077
0.000077
0.000077
0.000082
0.000077
0.000077
0.000077
0.000077
0.000077
0.000077
0.000551
0.000245
0.000236
0.000232
0.000245
0.000245
0.000232
0.000198
0.000077
0.000191
0.000077
0.000077
0.000077
0.000077
0.000191
0.000191
0.000191
0.000191
0.000077
0.000077
0.000077
0.000077
0.000077
0.000077
0.000077
0.000077
0.000077
0.000077
0.000077
0.000077
0.000077
0.000077
0.000077
0.000077
0.000077
0.000077
0.000077
0.000077
0.000077
0.000077
0.000077
0.000077
0.000077
0.000077
0.000077
0.000077
0.000569
0.000077
0.000077
0.000077
0.000077
0.000077
0.000077
0.000077
0.000077
0.000077
0.000077
0.000077
0.000077
0.000077
0.000077
0.000077
0.000077
0.000077
0.000077
0.000077
0.000077
0.000077
0.000077
0.000077
0.000077
0.000077
0.000077
0.002312
0.000077
0.000077
0.000077
0.000077
0.000077
0.000077
0.000077
0.000077
0.000077
0.000077
0.000077
0.000077
0.000077
0.000077
0.000077
0.000077
0.000077
0.000077
0.000077
0.000077
0.000077
0.000077
0.000077
0.000077
0.000077
0.000077
0.000077
0.000077
0.000147
0.000147
0.000147
0.000147
0.000147
0.000144
0.000077
0.000077
0.000077
0.000099
0.000099
0.000077
0.000077
0.000077
0.000077
0.000077
0.000077
0.000077
0.000077
0.000084
0.008101
0.002692
0.002691
0.003991
0.004620
0.000310
0.000982
0.002582
0.000084
0.000084
0.000096
0.000982
0.000084
0.000084
0.000084
0.000084
0.000084
0.002013
0.000099
0.000084
0.000091
0.000091
0.000091
0.000084
0.000091
0.000084
0.000084
0.000084
0.000084
0.000084
0.000084
0.000082
0.000082
0.000082
0.000082
0.000082
0.000082
0.000082
0.000082
0.000082
0.000082
0.000082
0.000082
0.000082
0.000082
0.000082
0.000082
0.000082
0.000082
0.000082
0.000082
0.000082
0.000082
0.000082
0.000082
0.000082
0.000082
0.000082
0.000082
0.000082
0.000082
0.000082
0.000082
0.000082
0.000082
0.000082
0.000082
0.000082
0.000082
0.000082
0.000082
0.000082
0.000082
0.000082
0.000082
0.000082
0.000082
0.000082
0.000082
0.000082
0.000082
0.000082
0.000092
0.000349
0.000084
0.000077
0.000077
0.000077
0.000077
0.000077
0.000077
0.000077
0.000077
0.000077
0.000077
0.000077
0.000077
0.000077
0.000077
0.000077
0.000133
0.000077
0.000198
0.000077
0.000077
0.000077
0.000077
0.000077
0.000077
0.000077
0.000077
0.000077
0.000077
0.000147
0.000077
0.000077
0.000077
0.000077
0.000077
0.000077
0.000077
0.000077
0.000077
0.000077
0.000077
0.000077
0.000077
0.000077
0.000077
0.000077
0.000077
0.000077
0.000077
0.000077
0.000077
0.000077
0.000077
0.000077
0.000077
0.000277
0.000077
0.000077
0.000077
0.000077
0.000077
0.001142
0.000088
0.000077
0.004692
0.000077
0.000090
0.000077
0.000111
0.000077
0.000077
0.000077
0.000077
0.000077
0.000077
0.000077
0.000545
0.000545
0.000238
0.000077
0.000077
0.000077
0.000092
0.000077
0.000077
0.000077
0.000077
0.000077
0.000200
0.000077
0.000077
0.000077
0.000077
0.000077
0.000077
0.000077
0.000292
0.000125
0.000125
0.000125
0.000125
0.001244
0.000125
0.001112
0.000125
0.000125
0.000147
0.000125
0.000125
0.000125
0.000125
0.000125
0.000125
0.000125
0.001112
0.000125
0.000125
0.001136
0.000125
0.000125
0.000125
0.000125
0.000125
0.000125
0.000125
0.000125
0.000125
0.000125
0.000125
0.000125
0.000125
0.000125
0.000125
0.001136
0.000125
0.001136
0.000077
0.000077
0.000077
0.000077
0.000077
0.000077
0.000077
0.000077
0.000077
0.000077
0.000077
0.000077
0.000077
0.000077
0.000077
0.000077
0.000077
0.000077
0.000077
0.000077
0.000077
0.000077
0.000077
0.000077
0.000077
0.000077
0.000077
0.000077
0.000077
0.000077
0.000077
0.000077
0.000077
0.001721
0.000112
0.000112
0.000112
0.000112
0.000112
0.000173
0.000112
0.000112
0.000112
0.000173
0.000112
0.000112
0.000112
0.000334
0.000334
0.000334
0.000077
0.000077
0.000077
0.000077
0.000077
0.000077
0.000077
0.000077
0.000077
0.000077
0.000077
0.000077
0.000077
0.000077
0.000077
0.000077
0.000077
0.000077
0.000077
0.000077
0.000077
0.000077
0.000077
0.000077
0.000077
0.000153
0.000077
0.000153
0.000153
0.000077
0.000153
0.000077
0.000153
0.000077
0.000153
0.000077
0.000153
0.000077
0.000153
0.000077
0.000153
0.000077
0.000153
0.000077
0.000153
0.000153
0.000077
0.000153
0.000077
0.000153
0.000153
0.000077
0.000153
0.000153
0.000077
0.000153
0.000077
0.000153
0.000077
0.000153
0.000077
0.000153
0.000153
0.000077
0.000153
0.000077
0.000153
0.000077
0.000153
0.000153
0.000077
0.000153
0.000153
0.000077
0.000153
0.000077
0.000153
0.000153
0.000077
0.000153
0.000077
0.000153
0.000153
0.000153
0.000077
0.000153
0.000077
0.000153
0.000077
0.000153
0.000077
0.000153
0.000153
0.000153
0.000153
0.000187
0.000153
0.000153
0.000153
0.000153
0.000153
0.000153
0.000153
0.000153
0.000153
0.000153
0.000639
0.000664
0.000651
0.000664
0.000664
0.003556
0.003556
0.000117
0.000664
0.000664
0.000664
0.000519
0.000081
0.000077
0.000077
0.000092
0.000077
0.000077
0.000077
0.000077
0.000077
0.000077
0.000077
0.000077
0.000077
0.000077
0.000077
0.000077
0.000077
0.000077
0.000077
0.000077
0.000099
0.000099
0.000734
0.000077
0.000077
0.000077
0.000080
0.000348
0.000348
0.000348
0.000384
0.000351
0.000348
0.004076
0.000332
0.000332
0.000341
0.000093
0.000086
0.000086
0.000093
0.000093
0.000086
0.000093
0.000077
0.000077
0.000077
0.000077
0.000077
0.000077
0.000077
0.000077
0.000077
0.000077
0.000077
0.000077
0.000077
0.000077
0.000077
0.000077
0.000077
0.000077
0.000077
0.000077
0.000077
0.001620
0.000077
0.000077
0.000077
0.000077
0.000077
0.000077
0.000077
0.000077
0.000077
0.000077
0.000077
0.000077
0.000077
0.000077
0.000077
0.000077
0.000077
0.000077
0.000077
0.000077
0.000077
0.000077
0.000077
0.000077
0.000077
0.000077
0.000077
0.000077
0.000077
0.000077
0.000077
0.000077
0.000077
0.000077
0.000077
0.000077
0.000077
0.000077
0.000077
0.000275
0.000077
0.000077
0.000077
0.000077
0.000077
0.000077
0.000137
0.000077
0.000077
0.000123
0.000123
0.000123
0.000272
0.000077
0.000077
0.000077
0.000077
0.000077
0.000077
0.000077
0.000077
0.000077
0.000077
0.000272
0.000077
0.000077
0.000077
0.000077
0.000886
0.000077
0.000077
0.000907
0.000848
0.000077
0.000733
0.000886
0.000285
0.001931
0.000251
0.000077
0.000077
0.000907
0.000077
0.000907
0.000077
0.000077
0.000077
0.000077
0.000077
0.000077
0.000077
0.000077
0.000077
0.000084
0.000077
0.000077
0.000077
0.000077
0.000111
0.000077
0.000077
0.000077
0.000077
0.000077
0.000077
0.000077
0.000077
0.000077
0.000077
0.000077
0.000077
0.000077
0.000077
0.000077
0.000077
0.000077
0.000077
0.000077
0.000077
0.000077
0.000077
0.000077
0.000077
0.000077
0.000077
0.000077
0.000077
0.000077
0.000077
0.000077
0.000077
0.000077
0.000077
0.000077
0.000077
0.000077
0.000077
0.000077
0.000077
0.000077
0.000077
0.000077
0.000077
0.000077
0.000077
0.000077
0.000077
0.000077
0.000077
0.000077
0.000077
0.000077
0.000077
0.000077
0.000077
0.000077
0.000077
0.000077
0.000077
0.000077
0.000077
0.000077
0.000077
0.000077
0.000077
0.000077
0.000077
0.000077
0.000077
0.000077
0.000077
0.000077
0.000077
0.000077
0.000077
0.000083
0.000077
0.000077
0.000077
0.000083
0.000077
0.000077
0.000083
0.000077
0.000077
0.000077
0.000077
0.000083
0.000077
0.007388
0.000083
0.000083
0.000083
0.000077
0.000077
0.000077
0.000077
0.000077
0.000077
0.000083
0.000083
0.000083
0.000083
0.000077
0.000077
0.000196
0.003541
0.000638
0.000094
0.000077
0.000077
0.000247
0.000326
0.001098
0.001216
0.000077
0.000077
0.000077
0.000100
0.000077
0.000077
0.000077
0.000077
0.000077
0.000077
0.000077
0.000077
0.000077
0.000077
0.000077
0.000077
0.000077
0.000077
0.000077
0.000205
0.000205
0.000205
0.000205
0.000077
0.000077
0.000077
0.000077
0.000077
0.000077
0.000077
0.000077
0.000077
0.000077
0.000077
0.000077
0.000077
0.000077
0.000077
0.000077
0.000077
0.000077
0.000077
0.000077
0.000077
0.000077
0.000077
0.000077
0.000077
0.000077
0.000982
0.001301
0.001188
0.000162
0.000162
0.000162
0.000162
0.000835
0.000750
0.000162
0.000098
0.000162
0.000750
0.001492
0.000162
0.000162
0.000750
0.000125
0.000125
0.000098
0.000162
0.000162
0.000162
0.000162
0.000162
0.000162
0.000077
0.000077
0.001021
0.000077
0.000077
0.000077
0.000077
0.000652
0.000109
0.000126
0.000120
0.000124
0.000109
0.000077
0.000077
0.000077
0.000077
0.000077
0.000077
0.000077
0.000077
0.000077
0.000077
0.000077
0.000077
0.000077
0.000077
0.000077
0.000077
0.000077
0.000077
0.000077
0.000077
0.000077
0.000077
0.000077
0.000077
0.000143
0.000143
0.000143
0.000199
0.000099
0.000152
0.000082
0.000082
0.000082
0.000082
0.000081
0.000078
0.000078
0.000078
0.000078
0.000143
0.000134
0.000091
0.000091
0.000091
0.000091
0.000091
0.000091
0.000091
0.000091
0.000091
0.000091
0.000091
0.000091
0.000091
0.000091
0.000091
0.000091
0.000091
0.000134
0.000134
0.000134
0.000134
0.000134
0.000140
0.000140
0.000140
0.000134
0.000140
0.000134
0.000140
0.000132
0.000134
0.000132
0.000134
0.000134
0.000134
0.000134
0.000134
0.000134
0.000134
0.000134
0.000134
0.000134
0.000134
0.000201
0.000134
0.000134
0.000134
0.000134
0.000134
0.000134
0.000134
0.000134
0.000134
0.000134
0.000134
0.000134
0.000134
0.000134
0.000134
0.000077
0.000077
0.000077
0.000077
0.000077
0.000077
0.000077
0.000077
0.000077
0.000300
0.000077
0.000077
0.000077
0.000077
0.000077
0.000077
0.000077
0.000077
0.000077
0.000101
0.000099
0.000099
0.000077
0.000264
0.000077
0.000099
0.000316
0.000101
0.000111
0.000111
0.000077
0.000077
0.000077
0.000077
0.000077
0.000077
0.000077
0.000077
0.000077
0.000077
0.000949
0.000077
0.000077
0.000077
0.000077
0.002805
0.000077
0.000077
0.000077
0.000077
0.000077
0.000077
0.000077
0.000077
0.000077
0.000077
0.000077
0.000165
0.000077
0.000077
0.000077
0.000077
0.000077
0.000077
0.000077
0.000077
0.000077
0.000077
0.000077
0.000077
0.000077
0.000077
0.000077
0.000077
0.000077
0.000077
0.000077
0.000077
0.000077
0.000077
0.000077
0.000077
0.000077
0.000077
0.000077
0.000077
0.000077
0.000165
0.000144
0.000077
0.000077
0.000077
0.000077
0.000077
0.000080
0.000077
0.000077
0.000077
0.000077
0.000178
0.000077
0.000077
0.000085
0.000085
0.000085
0.000085
0.000085
0.000085
0.000085
0.000085
0.000085
0.000085
0.000085
0.000085
0.000085
0.000085
0.000085
0.000085
0.000085
0.000085
0.000085
0.000085
0.000085
0.000085
0.000085
0.000085
0.000085
0.000085
0.000085
0.000085
0.000085
0.000085
0.000085
0.000085
0.000085
0.000085
0.000085
0.000085
0.000085
0.000085
0.000085
0.000085
0.000085
0.000085
0.000085
0.000085
0.000085
0.000085
0.000085
0.000085
0.000085
0.000085
0.000085
0.000085
0.000085
0.000085
0.000085
0.000085
0.000085
0.000085
0.000085
0.000085
0.000085
0.000085
0.000085
0.000085
0.000085
0.000085
0.000085
0.000085
0.000085
0.000085
0.000085
0.000085
0.000085
0.000085
0.000085
0.000085
0.000085
0.000085
0.000085
0.000085
0.000085
0.000085
0.000085
0.000085
0.000085
0.000085
0.000085
0.000085
0.000085
0.000085
0.000085
0.000085
0.000085
0.000085
0.000085
0.000085
0.000085
0.000085
0.000085
0.000085
0.000085
0.000085
0.000085
0.000085
0.000085
0.000085
0.000085
0.000085
0.000085
0.000085
0.000085
0.000085
0.000085
0.000085
0.000085
0.000085
0.000085
0.000085
0.000085
0.000085
0.000085
0.000085
0.000085
0.000085
0.000085
0.000085
0.000085
0.000085
0.000085
0.000085
0.000085
0.000085
0.000085
0.000085
0.000085
0.000085
0.000085
0.000085
0.000085
0.000085
0.000085
0.000085
0.000085
0.000085
0.000085
0.000085
0.000085
0.000085
0.000085
0.000085
0.000085
0.000085
0.000085
0.000085
0.000085
0.000085
0.000085
0.000085
0.000085
0.000085
0.000085
0.000085
0.000085
0.000085
0.000085
0.000085
0.000085
0.000085
0.000085
0.000085
0.000085
0.000085
0.000085
0.000085
0.000085
0.000085
0.000085
0.000085
0.000085
0.000345
0.000077
0.000077
0.000077
0.000077
0.000077
0.000077
0.000082
0.000077
0.000077
0.000077
0.000077
0.000077
0.000077
0.000077
0.000077
0.000077
0.000077
0.000077
0.000077
0.000077
0.000077
0.000077
0.000077
0.000077
0.000077
0.000077
0.000077
0.000077
0.000077
0.000077
0.000077
0.000077
0.000077
0.000240
0.000100
0.000139
0.000153
0.000710
0.000082
0.000077
0.000077
0.000077
0.000077
0.000077
0.000077
0.000077
0.000077
0.000077
0.000077
0.000077
0.000077
0.000077
0.000077
0.000077
0.000077
0.000077
0.000077
0.000077
0.000211
0.000077
0.000077
0.000119
0.000077
0.000077
0.000077
0.000077
0.000099
0.000142
0.000077
0.001492
0.000219
0.000219
0.000219
0.000851
0.000275
0.000219
0.000219
0.000219
0.000219
0.000219
0.000219
0.000225
0.000077
0.000077
0.000077
0.000077
0.000077
0.000077
0.000077
0.000077
0.000077
0.000077
0.000077
0.000077
0.000077
0.000077
0.000077
0.000077
0.000077
0.000077
0.000077
0.000077
0.000077
0.000077
0.000077
0.000077
0.000080
0.000595
0.000103
0.000080
0.000314
0.000908
0.000090
0.000083
0.001132
0.000178
0.000399
0.000437
0.000291
0.000106
0.000115
0.000116
0.000615
0.000262
0.000106
0.000209
0.000096
0.000906
0.000080
0.000201
0.000729
0.000140
0.000259
0.000213
0.000554
0.001144
0.000100
0.000091
0.000509
0.000086
0.004741
0.000081
0.000090
0.000168
0.000157
0.000155
0.001020
0.000571
0.000533
0.000267
0.000080
0.000415
0.000243
0.000142
0.000510
0.000137
0.004712
0.000243
0.000093
0.000080
0.000311
0.000621
0.004453
0.000507
0.000084
0.000384
0.000231
0.000080
0.000253
0.000127
0.000124
0.000080
0.000712
0.000080
0.000080
0.000611
0.000109
0.000129
0.000410
0.000077
0.000077
0.000077
0.000077
0.000077
0.000077
0.000077
0.000077
0.000077
0.000077
0.000077
0.000077
0.000077
0.000077
0.000077
0.000077
0.000077
0.000077
0.000077
0.000077
0.000077
0.000077
0.000077
0.000077
0.000139
0.000139
0.000146
0.000139
0.000956
0.000152
0.000146
0.000139
0.001004
0.000781
0.000139
0.000077
0.000077
0.000077
0.000079
0.000079
0.000105
0.000087
0.000087
0.000087
0.000098
0.000098
0.000098
0.000098
0.000077
0.000777
0.000100
0.000087
0.000581
0.000146
0.000077
0.000558
0.000087
0.000087
0.000077
0.000077
0.000077
0.000077
0.000077
0.000077
0.000077
0.000077
0.000077
0.001831
0.002744
0.000077
0.000077
0.000077
0.000077
0.000077
0.000077
0.000077
0.000077
0.000077
0.000077
0.000088
0.000077
0.000077
0.000077
0.000077
0.000077
0.000079
0.000077
0.000077
0.000077
0.000077
0.000077
0.000077
0.000077
0.000077
0.000077
0.000077
0.000141
0.001782
0.000214
0.000214
0.000165
0.000214
0.000165
0.000165
0.000214
0.000082
0.000214
0.000214
0.000165
0.000077
0.000747
0.000104
0.000077
0.000077
0.000077
0.000077
0.000077
0.000470
0.000077
0.000392
0.000125
0.000077
0.000077
0.000403
0.000077
0.000077
0.000077
0.000186
0.000103
0.000103
0.000103
0.001946
0.000272
0.000161
0.000161
0.000090
0.000090
0.000161
0.000090
0.000140
0.000090
0.000254
0.000103
0.000090
0.000090
0.000090
0.000084
0.000090
0.000090
0.000077
0.000077
0.000178
0.000077
0.000178
0.000178
0.000080
0.000080
0.000080
0.000080
0.000080
0.000080
0.000080
0.000080
0.000080
0.000080
0.000080
0.000080
0.000080
0.000080
0.000080
0.000080
0.000080
0.000176
0.000176
0.000099
0.000099
0.000099
0.000099
0.000099
0.000077
0.000077
0.000244
0.000094
0.000094
0.000139
0.000085
0.000093
0.000099
0.000126
0.000080
0.000094
0.000080
0.000085
0.000085
0.000092
0.000082
0.000077
0.000077
0.000077
0.000077
0.000077
0.000077
0.000077
0.000077
0.000085
0.000077
0.000077
0.000077
0.000077
0.000077
0.000077
0.000077
0.000077
0.000077
0.000077
0.000077
0.000102
0.000077
0.000077
0.000077
0.000077
0.000077
0.000077
0.000841
0.001295
0.000841
0.001370
0.000367
0.000159
0.000159
0.000159
0.000828
0.000857
0.000828
0.000367
0.000857
0.000367
0.000299
0.000159
0.000091
0.000091
0.000091
0.000091
0.000456
0.000091
0.000091
0.000091
0.000091
0.000091
0.000091
0.000453
0.000367
0.000156
0.000441
0.000456
0.000441
0.000753
0.000559
0.000456
0.000456
0.000077
0.000077
0.000077
0.000077
0.000077
0.000077
0.000145
0.000077
0.000077
0.000077
0.000077
0.000077
0.000077
0.000077
0.000077
0.000077
0.000077
0.000077
0.000077
0.000077
0.000077
0.000077
0.000077
0.000077
0.000077
0.000077
0.000077
0.000077
0.000077
0.000077
0.000077
0.000077
0.000077
0.000077
0.000077
0.000077
0.000077
0.000077
0.000077
0.000077
0.000077
0.000077
0.000077
0.000200
0.000077
0.000077
0.000077
0.000077
0.000077
0.000077
0.000077
0.000077
0.000077
0.000077
0.000077
0.000077
0.000077
0.000077
0.000094
0.000077
0.000077
0.000077
0.000077
0.000077
0.000077
0.000077
0.000077
0.000077
0.000077
0.000091
0.000091
0.000158
0.000091
0.000091
0.000091
0.000091
0.000091
0.000091
0.000091
0.000091
0.000091
0.000091
0.000091
0.000091
0.000091
0.000114
0.000091
0.000091
0.000091
0.000091
0.000091
0.000091
0.000091
0.000091
0.000091
0.000091
0.000091
0.000091
0.000091
0.000091
0.000091
0.000091
0.000091
0.000091
0.000091
0.000091
0.000091
0.000091
0.000091
0.000091
0.000091
0.000091
0.000091
0.000091
0.000091
0.000091
0.000091
0.000091
0.000091
0.000091
0.000091
0.000091
0.000091
0.000077
0.000077
0.000077
0.000077
0.000136
0.000077
0.000077
0.000077
0.000077
0.000077
0.000136
0.000077
0.000077
0.000077
0.000077
0.000077
0.000077
0.000077
0.000077
0.000077
0.000077
0.000077
0.000077
0.000077
0.000077
0.000077
0.000077
0.000077
0.000077
0.000077
0.000083
0.000077
0.000077
0.000077
0.000077
0.000077
0.000077
0.000077
0.000077
0.000077
0.000077
0.000077
0.000077
0.000077
0.000077
0.000077
0.000077
0.000077
0.000077
0.000077
0.000077
0.000077
0.000077
0.000077
0.000077
0.000326
0.000077
0.000077
0.000178
0.000077
0.000077
0.001114
0.000077
0.000077
0.000077
0.000077
0.000077
0.000077
0.000077
0.000077
0.000077
0.000077
0.000077
0.000077
0.000077
0.000077
0.000077
0.000077
0.000077
0.000077
0.000077
0.000077
0.000077
0.000084
0.000077
0.000077
0.000077
0.000077
0.000077
0.000077
0.000077
0.000077
0.000077
0.000077
0.000077
0.000077
0.000077
0.000077
0.000077
0.000077
0.000077
0.000077
0.000077
0.000077
0.000077
0.000077
0.000077
0.000077
0.000077
0.000077
0.000077
0.000077
0.000077
0.000158
0.000077
0.000077
0.000077
0.000077
0.000077
0.000077
0.000077
0.000077
0.000077
0.000077
0.000077
0.000077
0.000077
0.000077
0.000077
0.000077
0.000077
0.000077
0.000077
0.000116
0.000077
0.000077
0.000077
0.000077
0.000077
0.000077
0.000077
0.000077
0.000077
0.000077
0.000077
0.000077
0.000077
0.000077
0.000077
0.000077
0.000077
0.000077
0.000077
0.000077
0.000077
0.000077
0.001594
0.000244
0.000256
0.000961
0.000077
0.000106
0.000116
0.000084
0.000106
0.000113
0.000106
0.000262
0.000252
0.000262
0.000077
0.000077
0.000077
0.000077
0.000077
0.000077
0.000077
0.000111
0.000077
0.000077
0.000077
0.000077
0.000077
0.000077
0.000077
0.000077
0.000077
0.000077
0.000077
0.000077
0.000077
0.000077
0.000077
0.000077
0.000077
0.000077
0.000192
0.000077
0.000088
0.000077
0.000077
0.000077
0.000077
0.000077
0.000077
0.000077
0.000077
0.000077
0.000077
0.000077
0.000077
0.000077
0.000077
0.000077
0.000077
0.000077
0.000077
0.000144
0.000144
0.000144
0.000077
0.000077
0.000077
0.000077
0.000077
0.000077
0.000077
0.000077
0.000077
0.000077
0.000327
0.000454
0.000646
0.000077
0.000077
0.000077
0.000077
0.000582
0.000077
0.000077
0.000088
0.000077
0.000077
0.002026
0.000085
0.001405
0.001405
0.001405
0.000886
0.000455
0.000435
0.000118
0.000077
0.000077
0.000111
0.000077
0.000077
0.000090
0.000077
0.000439
0.000077
0.000077
0.000077
0.000077
0.000077
0.000077
0.000077
0.000077
0.000077
0.000077
0.000077
0.000077
0.000077
0.000077
0.000077
0.000077
0.000077
0.000077
0.000077
0.000077
0.000356
0.000082
0.000082
0.000082
0.000082
0.000082
0.000082
0.000082
0.000082
0.000082
0.000082
0.000082
0.000082
0.000082
0.000082
0.000082
0.000082
0.000082
0.000082
0.000082
0.000082
0.000082
0.000082
0.000082
0.000082
0.000082
0.000082
0.000082
0.000082
0.000082
0.000082
0.000082
0.000082
0.000082
0.000082
0.000082
0.000082
0.000082
0.000082
0.000082
0.000082
0.000082
0.000082
0.000082
0.000082
0.000082
0.000082
0.000082
0.000082
0.000082
0.000082
0.000082
0.000082
0.000077
0.000081
0.000112
0.000077
0.000245
0.000077
0.000178
0.000077
0.000077
0.000079
0.000077
0.000077
0.000077
0.000077
0.000077
0.000077
0.000077
0.000077
0.000077
0.000077
0.000077
0.001163
0.000077
0.000077
0.000077
0.000077
0.000077
0.000077
0.000077
0.000077
0.000077
0.000077
0.000077
0.000077
0.000077
0.000077
0.000077
0.000077
0.000077
0.000077
0.000077
0.000077
0.000077
0.000077
0.000077
0.000077
0.000077
0.000077
0.000077
0.000077
0.000077
0.000149
0.000142
0.000757
0.000945
0.000093
0.000158
0.000093
0.000173
0.000196
0.000142
0.000099
0.000077
0.000077
0.000077
0.000077
0.000077
0.000077
0.000077
0.000077
0.000077
0.000077
0.000077
0.000077
0.000079
0.000077
0.000077
0.000077
0.000077
0.000077
0.000077
0.000077
0.000077
0.000077
0.000077
0.000077
0.000077
0.000077
0.000077
0.000077
0.000077
0.000077
0.000077
0.000077
0.000077
0.000077
0.000077
0.000077
0.000077
0.000077
0.000077
0.000077
0.000077
0.000077
0.000077
0.000077
0.000087
0.000077
0.000077
0.000077
0.000077
0.000077
0.000077
0.000077
0.000077
0.000077
0.000077
0.000077
0.000077
0.000077
0.000077
0.000088
0.000088
0.000088
0.000088
0.000108
0.000088
0.000108
0.000088
0.000088
0.000088
0.000104
0.000088
0.000088
0.000088
0.000088
0.000093
0.000088
0.000088
0.000088
0.000088
0.000088
0.000141
0.000157
0.000389
0.000325
0.000141
0.000077
0.000077
0.000077
0.000077
0.000177
0.000207
0.000077
0.000085
0.000077
0.000241
0.000077
0.000077
0.000077
0.000077
0.000077
0.000077
0.000088
0.000077
0.000077
0.000077
0.000077
0.000077
0.000077
0.000077
0.000087
0.000696
0.000084
0.000083
0.000077
0.000077
0.000077
0.000077
0.000077
0.000077
0.000077
0.000077
0.000077
0.000077
0.000077
0.000077
0.000077
0.000077
0.000077
0.000077
0.000077
0.000077
0.000077
0.000077
0.000077
0.000077
0.000077
0.000077
0.000077
0.000077
0.000077
0.000077
0.000077
0.000077
0.000077
0.000077
0.000077
0.000077
0.000077
0.000077
0.000077
0.000077
0.000077
0.000077
0.000077
0.000077
0.000077
0.000077
0.000077
0.000077
0.000077
0.000077
0.000077
0.000077
0.000077
0.000077
0.000077
0.000077
0.000077
0.000077
0.000077
0.000077
0.000077
0.000077
0.000077
0.000077
0.000097
0.000088
0.000088
0.000088
0.000107
0.000413
0.000097
0.000107
0.000077
0.000192
0.000736
0.000115
0.000107
0.000138
0.000180
0.000241
0.000107
0.000123
0.000107
0.000107
0.000107
0.000107
0.000107
0.000107
0.000126
0.000107
0.000127
0.000077
0.000077
0.000077
0.000078
0.000077
0.000077
0.000077
0.000077
0.000077
0.000077
0.000077
0.000077
0.000077
0.000077
0.000077
0.000194
0.000301
0.000466
0.000077
0.000077
0.000077
0.000077
0.000077
0.000077
0.000077
0.000077
0.000077
0.000077
0.000077
0.000077
0.001578
0.000077
0.000077
0.000077
0.000077
0.000077
0.000077
0.000077
0.000077
0.000077
0.000077
0.000077
0.000077
0.000077
0.000077
0.000077
0.000528
0.000528
0.000528
0.000528
0.000528
0.000528
0.000528
0.000085
0.000085
0.000085
0.000191
0.000077
0.000299
0.001135
0.000077
0.000077
0.000077
0.000077
0.000077
0.000077
0.000077
0.000077
0.000077
0.000077
0.000077
0.000077
0.000077
0.000077
0.000077
0.000077
0.000077
0.000077
0.000077
0.000077
0.000077
0.000077
0.000077
0.000077
0.000077
0.000077
0.000077
0.000077
0.000077
0.000077
0.000077
0.000077
0.000077
0.000077
0.000077
0.000077
0.000077
0.000077
0.000077
0.000077
0.000077
0.000077
0.000077
0.000077
0.000077
0.000077
0.000077
0.000077
0.000077
0.000077
0.000077
0.000077
0.000077
0.000077
0.000077
0.000077
0.000077
0.000077
0.000077
0.000077
0.000077
0.000077
0.000077
0.000077
0.000094
0.000077
0.000077
0.000077
0.000077
0.000077
0.000077
0.000077
0.000077
0.000077
0.000077
0.000077
0.000077
0.000077
0.000213
0.000213
0.000077
0.000213
0.000213
0.000213
0.000077
0.000336
0.000336
0.000077
0.000077
0.000077
0.000077
0.000077
0.000077
0.000077
0.000077
0.000077
0.000077
0.000077
0.000077
0.000077
0.000077
0.000077
0.000077
0.000077
0.000077
0.000077
0.000077
0.000077
0.000077
0.000077
0.000224
0.000077
0.000077
0.000077
0.000077
0.000100
0.000491
0.000244
0.000244
0.000244
0.000244
0.000244
0.000311
0.000311
0.000311
0.000311
0.000244
0.000244
0.000244
0.000244
0.000244
0.000491
0.000491
0.000491
0.000491
0.000491
0.000491
0.000491
0.000129
0.000244
0.000077
0.000077
0.000077
0.000077
0.000077
0.000077
0.000077
0.000077
0.000077
0.000187
0.000077
0.000077
0.000077
0.000077
0.000077
0.000077
0.000111
0.000077
0.000077
0.000077
0.000077
0.000077
0.000077
0.000077
0.000077
0.000077
0.000094
0.000077
0.000077
0.000077
0.000077
0.000077
0.000077
0.000955
0.000077
0.001119
0.001197
0.001197
0.001141
0.000077
0.000077
0.000077
0.000077
0.000077
0.000077
0.000077
0.000077
0.000077
0.000077
0.000077
0.000077
0.000077
0.000077
0.000077
0.000077
0.000077
0.000077
0.000077
0.000077
0.000077
0.000077
0.000077
0.000077
0.000077
0.000077
0.000077
0.000077
0.000077
0.000077
0.000077
0.000077
0.000077
0.000077
0.000077
0.000077
0.000077
0.000077
0.000077
0.000077
0.000077
0.000077
0.000077
0.000077
0.000077
0.000077
0.000077
0.000077
0.000077
0.000161
0.000130
0.000499
0.000171
0.000957
0.000081
0.000121
0.000081
0.000205
0.000446
0.000081
0.000094
0.000264
0.000077
0.000077
0.000138
0.000077
0.000077
0.000077
0.000077
0.000077
0.000077
0.000077
0.000122
0.000212
0.000077
0.000077
0.000077
0.000077
0.000077
0.000077
0.000077
0.000077
0.000077
0.000077
0.000077
0.000077
0.000077
0.000077
0.003037
0.000124
0.000124
0.000124
0.000124
0.000124
0.000166
0.000077
0.000085
0.000077
0.000077
0.000077
0.000077
0.000077
0.000077
0.000077
0.000144
0.000077
0.000077
0.000077
0.000077
0.000187
0.000187
0.000187
0.000187
0.000077
0.000077
0.000077
0.000077
0.000077
0.000077
0.000077
0.000077
0.000077
0.000077
0.000077
0.000077
0.000077
0.000077
0.000077
0.000077
0.000077
0.000077
0.000077
0.000077
0.000077
0.000099
0.003824
0.000213
0.000077
0.000077
0.000077
0.000077
0.000077
0.000077
0.000077
0.000077
0.000077
0.000079
0.000077
0.000077
0.000077
0.000077
0.000077
0.000100
0.000077
0.000077
0.000077
0.000077
0.000077
0.000077
0.000077
0.000077
0.000077
0.000077
0.000077
0.000089
0.000939
0.000436
0.000221
0.000077
0.000391
0.000304
0.000089
0.000223
0.000077
0.000077
0.000111
0.000089
0.000089
0.000098
0.000185
0.000089
0.000105
0.000089
0.000089
0.000089
0.000089
0.000089
0.000089
0.000154
0.000089
0.000089
0.000089
0.000089
0.000089
0.000077
0.000077
0.000144
0.000077
0.000077
0.000077
0.000077
0.000077
0.000077
0.000077
0.000077
0.000077
0.000077
0.000077
0.000077
0.000077
0.000077
0.000077
0.000077
0.000077
0.000077
0.000077
0.000077
0.000077
0.000077
0.000077
0.000077
0.000077
0.000077
0.000077
0.000077
0.000077
0.000111
0.000679
0.000077
0.000419
0.000984
0.000242
0.000275
0.000196
0.000176
0.000120
0.000242
0.000242
0.000279
0.000279
0.000279
0.000279
0.000223
0.000077
0.000077
0.000077
0.000094
0.000077
0.000077
0.000077
0.000077
0.000077
0.000077
0.000077
0.000077
0.000077
0.000077
0.000077
0.000077
0.000077
0.000077
0.000077
0.000077
0.000077
0.000077
0.000077
0.000077
0.000077
0.000077
0.000077
0.000077
0.000077
0.000077
0.000077
0.000077
0.000082
0.000082
0.000082
0.000082
0.000082
0.000082
0.000082
0.000082
0.000082
0.000082
0.000082
0.000082
0.000077
0.000077
0.000082
0.000082
0.000961
0.000077
0.000077
0.000077
0.000077
0.000077
0.000077
0.000077
0.000077
0.000077
0.000077
0.000077
0.000077
0.000077
0.000077
0.000077
0.000077
0.000077
0.000077
0.000077
0.000077
0.000077
0.000077
0.000077
0.000077
0.000077
0.000077
0.000090
0.000077
0.000077
0.000077
0.000077
0.000077
0.000077
0.000077
0.000077
0.000077
0.000077
0.000198
0.000193
0.000193
0.000193
0.000193
0.000193
0.000193
0.000193
0.000193
0.000077
0.000077
0.000077
0.000077
0.000077
0.000077
0.000077
0.000077
0.000077
0.000077
0.000077
0.000077
0.000077
0.000077
0.000077
0.000077
0.000077
0.000077
0.000077
0.000077
0.000077
0.000077
0.000077
0.000077
0.000077
0.000077
0.000077
0.000077
0.000077
0.000287
0.000124
0.000200
0.000184
0.000374
0.000077
0.000077
0.000094
0.000077
0.000077
0.000077
0.000077
0.000077
0.000077
0.000077
0.001299
0.000077
0.000077
0.000077
0.000077
0.000077
0.000077
0.000077
0.000077
0.000077
0.000077
0.000077
0.000077
0.000084
0.000077
0.001625
0.000197
0.000261
0.000531
0.000214
0.000205
0.001263
0.000077
0.000077
0.000077
0.000077
0.000077
0.000077
0.000077
0.000077
0.000077
0.000077
0.000077
0.000077
0.000077
0.000077
0.000077
0.000077
0.000077
0.000077
0.000089
0.000077
0.000077
0.000077
0.000077
0.000077
0.000077
0.000077
0.000077
0.000077
0.000077
0.000077
0.000077
0.000077
0.000077
0.000077
0.000077
0.000077
0.000077
0.000077
0.000077
0.000077
0.000077
0.000077
0.000077
0.000077
0.000077
0.000077
0.000077
0.000077
0.000077
0.002336
0.000077
0.000077
0.000086
0.000077
0.000077
0.000077
0.000150
0.000077
0.000077
0.000077
0.000077
0.000077
0.000077
0.000077
0.000077
0.000077
0.000077
0.000077
0.000077
0.000077
0.000077
0.000077
0.000077
0.000077
0.000077
0.000077
0.000077
0.000178
0.000077
0.000077
0.000077
0.000077
0.000077
0.000077
0.000152
0.000077
0.000077
0.000077
0.000077
0.000077
0.000077
0.000077
0.000077
0.000077
0.000077
0.000077
0.000077
0.000077
0.000077
0.000077
0.000077
0.000077
0.000077
0.000077
0.000077
0.000077
0.000144
0.000099
0.000077
0.000077
0.000144
0.000077
0.000282
0.000141
0.000119
0.000600
0.000266
0.000119
0.001328
0.001703
0.000136
0.000077
0.000077
0.000077
0.000077
0.000077
0.000077
0.000077
0.000077
0.000077
0.000077
0.000077
0.000077
0.000144
0.000077
0.000077
0.000727
0.000097
0.000120
0.000097
0.000120
0.000086
0.000097
0.000665
0.000405
0.000078
0.000078
0.000078
0.000078
0.000078
0.000078
0.000078
0.000078
0.000078
0.000078
0.000078
0.000078
0.000078
0.000078
0.000078
0.000078
0.000078
0.000078
0.000078
0.000078
0.000078
0.000078
0.000078
0.000078
0.000078
0.000078
0.000078
0.000078
0.000078
0.000078
0.000078
0.000078
0.000078
0.000078
0.000078
0.000078
0.000078
0.000078
0.000078
0.000078
0.000078
0.000078
0.000078
0.000078
0.000078
0.000078
0.000078
0.000078
0.000078
0.000078
0.000078
0.000078
0.000077
0.000077
0.000195
0.000195
0.000077
0.000077
0.000077
0.000077
0.000077
0.000077
0.000077
0.000077
0.000077
0.000077
0.000077
0.000077
0.000077
0.000077
0.000077
0.000077
0.000077
0.000077
0.000077
0.000077
0.000077
0.000077
0.000077
0.000077
0.000077
0.000077
0.000077
0.000077
0.000077
0.000077
0.000077
0.000080
0.000077
0.000077
0.000077
0.000077
0.000077
0.000077
0.000077
0.000077
0.000077
0.000077
0.000077
0.000077
0.000077
0.000077
0.000077
0.000077
0.000077
0.000077
0.000077
0.000077
0.000077
0.000077
0.000077
0.000077
0.000077
0.000077
0.000077
0.000077
0.000077
0.000077
0.000077
0.000117
0.000077
0.000077
0.000077
0.000077
0.000077
0.000077
0.000077
0.000077
0.000077
0.000077
0.000077
0.000077
0.000238
0.000238
0.000238
0.000602
0.000655
0.000325
0.000325
0.000614
0.000122
0.000238
0.000844
0.000098
0.000098
0.000145
0.000098
0.000098
0.000098
0.000098
0.000098
0.000098
0.000098
0.000098
0.000098
0.000098
0.000098
0.000098
0.000098
0.000098
0.000107
0.000144
0.000277
0.000077
0.000157
0.000227
0.000077
0.000077
0.000096
0.000096
0.000159
0.000096
0.000384
0.000328
0.000203
0.000145
0.000202
0.000102
0.000171
0.000152
0.000179
0.000096
0.000096
0.000096
0.000099
0.000077
0.000077
0.000077
0.000077
0.000077
0.000077
0.000077
0.000090
0.000077
0.000077
0.000077
0.000077
0.000077
0.000132
0.000115
0.000115
0.000212
0.000125
0.000132
0.000077
0.000077
0.000077
0.000077
0.001475
0.000077
0.000077
0.000077
0.000077
0.000077
0.000077
0.000077
0.000077
0.000077
0.000077
0.000077
0.000077
0.000168
0.000077
0.000085
0.000240
0.000175
0.000532
0.000085
0.000085
0.000173
0.000715
0.000715
0.000715
0.000715
0.000715
0.000715
0.000715
0.001912
0.000077
0.000120
0.000088
0.000088
0.000149
0.000078
0.000081
0.000078
0.000286
0.000103
0.000082
0.000078
0.000106
0.000078
0.000081
0.000082
0.000358
0.000081
0.000107
0.000078
0.000081
0.000081
0.000097
0.000085
0.000081
0.000164
0.000083
0.000081
0.000080
0.000081
0.000079
0.000082
0.000119
0.002124
0.000081
0.000171
0.000098
0.000082
0.000081
0.000093
0.000081
0.000254
0.000167
0.000093
0.000078
0.000088
0.000081
0.000080
0.000093
0.000105
0.000089
0.000081
0.000083
0.000117
0.000090
0.000081
0.000084
0.000079
0.000083
0.000108
0.000197
0.000089
0.000079
0.000081
0.000079
0.000080
0.000081
0.000078
0.000115
0.000107
0.000079
0.000079
0.000080
0.000081
0.000081
0.000092
0.000083
0.000153
0.000081
0.000081
0.000081
0.000164
0.000098
0.000083
0.000091
0.000171
0.000078
0.000183
0.000084
0.000080
0.000081
0.000078
0.000109
0.000080
0.000115
0.000079
0.000080
0.000207
0.000079
0.000083
0.000085
0.000079
0.000209
0.000081
0.000103
0.000090
0.000085
0.000079
0.000078
0.000079
0.000080
0.000080
0.000081
0.000083
0.000078
0.000081
0.000105
0.000083
0.000079
0.000084
0.000081
0.000077
0.000088
0.000088
0.000077
0.000077
0.000077
0.000077
0.000077
0.000077
0.000077
0.000120
0.000120
0.000077
0.000077
0.000077
0.000077
0.000111
0.000077
0.000077
0.000077
0.000077
0.000360
0.000159
0.000170
0.000229
0.000379
0.000077
0.000077
0.000077
0.000077
0.000077
0.000077
0.000245
0.000077
0.000122
0.000100
0.000098
0.000131
0.000098
0.000216
0.000165
0.000212
0.000098
0.000405
0.000223
0.000209
0.000077
0.000077
0.000077
0.000077
0.000122
0.000077
0.000077
0.000077
0.000077
0.000077
0.000077
0.000077
0.000077
0.000077
0.000077
0.000077
0.000249
0.000077
0.000077
0.000077
0.000077
0.000077
0.000077
0.000077
0.000077
0.000077
0.000077
0.000077
0.000077
0.000077
0.000077
0.000077
0.000084
0.000077
0.000077
0.000077
0.000077
0.000086
0.000086
0.000086
0.000086
0.000086
0.000086
0.000086
0.000086
0.000086
0.000086
0.000086
0.000086
0.000086
0.000086
0.000086
0.000086
0.000086
0.000086
0.000086
0.000086
0.000086
0.000086
0.000086
0.000086
0.000086
0.000086
0.000086
0.000124
0.000086
0.000086
0.000086
0.000086
0.000086
0.000086
0.000124
0.000086
0.000086
0.000086
0.000077
0.000077
0.000077
0.000077
0.000077
0.000077
0.000234
0.000133
0.000077
0.000077
0.000077
0.000077
0.000077
0.000077
0.000077
0.000077
0.000077
0.000077
0.000077
0.000077
0.000077
0.000077
0.000077
0.000077
0.000077
0.000077
0.000077
0.000077
0.000077
0.000077
0.000077
0.000077
0.000077
0.000077
0.000077
0.000077
0.000077
0.000077
0.000077
0.000077
0.000077
0.000077
0.000077
0.000077
0.000077
0.000077
0.000077
0.000077
0.000077
0.001496
0.000077
0.000077
0.000077
0.000077
0.000077
0.000077
0.000077
0.000077
0.000077
0.000077
0.000077
0.000077
0.000077
0.000077
0.000077
0.000077
0.000077
0.000077
0.000077
0.000077
0.000077
0.000077
0.000077
0.000077
0.000374
0.000355
0.000209
0.000309
0.000426
0.000262
0.000077
0.000077
0.000077
0.000111
0.000077
0.000077
0.000077
0.000077
0.000077
0.000077
0.000077
0.000077
0.000077
0.000077
0.000077
0.000077
0.000077
0.000111
0.000077
0.000094
0.000077
0.000077
0.000343
0.000123
0.000180
0.000077
0.000077
0.000077
0.000083
0.000237
0.000173
0.000083
0.000083
0.000077
0.000185
0.000085
0.000152
0.000085
0.000085
0.000085
0.000085
0.000085
0.000219
0.000085
0.000085
0.000085
0.000085
0.000085
0.000090
0.000222
0.000090
0.000157
0.000088
0.000090
0.000157
0.000090
0.000123
0.000090
0.000090
0.000090
0.000106
0.000191
0.000091
0.000091
0.000091
0.000091
0.000091
0.000091
0.000091
0.000091
0.000091
0.000091
0.000091
0.000091
0.000091
0.000091
0.000091
0.000091
0.000091
0.000091
0.000091
0.000091
0.000091
0.000091
0.000091
0.000091
0.000091
0.000091
0.000091
0.000091
0.000091
0.000091
0.000091
0.000091
0.000091
0.000158
0.000091
0.000091
0.000091
0.000091
0.000091
0.000091
0.000091
0.000091
0.000091
0.000091
0.000091
0.000091
0.000091
0.000091
0.000091
0.000091
0.000091
0.000091
0.000091
0.000091
0.000091
0.000091
0.000091
0.000091
0.000158
0.000091
0.000091
0.000077
0.000077
0.000077
0.000077
0.000077
0.000077
0.000077
0.000077
0.000077
0.000077
0.000077
0.000077
0.000077
0.000077
0.000077
0.000077
0.000077
0.000077
0.000077
0.000077
0.000649
0.000976
0.000330
0.000821
0.000077
0.000077
0.000078
0.000078
0.000078
0.000078
0.000078
0.000078
0.000078
0.000116
0.000078
0.000127
0.000078
0.000105
0.000078
0.000112
0.000078
0.000084
0.000078
0.002132
0.000078
0.000084
0.000078
0.000154
0.000078
0.000082
0.000078
0.000078
0.000078
0.000078
0.000078
0.000078
0.000078
0.000078
0.000078
0.000078
0.000078
0.000078
0.000078
0.000078
0.000078
0.000078
0.000078
0.000078
0.003215
0.000174
0.000407
0.000315
0.000235
0.000077
0.000077
0.000077
0.000077
0.000077
0.000077
0.000077
0.000077
0.000077
0.000077
0.000077
0.000077
0.000077
0.000077
0.000077
0.000077
0.000077
0.000077
0.000077
0.000077
0.000077
0.001232
0.000077
0.000077
0.000077
0.000077
0.000077
0.000077
0.000077
0.000077
0.000077
0.000077
0.000077
0.000077
0.000077
0.000195
0.000077
0.000077
0.000077
0.000077
0.000077
0.000077
0.000077
0.000077
0.000077
0.000077
0.000111
0.000077
0.000077
0.000077
0.000077
0.000077
0.000077
0.000077
0.000077
0.000077
0.000077
0.000077
0.000077
0.000077
0.000077
0.000077
0.000077
0.000077
0.000077
0.000077
0.000077
0.000111
0.000245
0.000242
0.000111
0.000505
0.000111
0.000242
0.000077
0.000077
0.000077
0.000077
0.000077
0.000077
0.000077
0.000077
0.000077
0.000077
0.000077
0.000301
0.000077
0.000077
0.000077
0.000077
0.000218
0.000218
0.000218
0.000218
0.000218
0.000218
0.000218
0.000218
0.000218
0.000218
0.000218
0.000218
0.000218
0.000218
0.000218
0.000218
0.000218
0.000218
0.000218
0.000218
0.000218
0.000218
0.000218
0.000218
0.000091
0.000091
0.000078
0.000078
0.000078
0.000078
0.000078
0.000078
0.000091
0.000078
0.000078
0.000078
0.000078
0.000218
0.000078
0.000078
0.000078
0.000078
0.000078
0.000078
0.000078
0.000078
0.000078
0.000078
0.000078
0.000078
0.000078
0.000078
0.000078
0.000078
0.000078
0.000078
0.000078
0.000078
0.000078
0.000078
0.000078
0.000078
0.000078
0.000078
0.000078
0.000078
0.000078
0.000078
0.000078
0.000078
0.000091
0.000078
0.000078
0.000078
0.000091
0.000078
0.000077
0.000077
0.006863
0.000280
0.000280
0.000280
0.000077
0.000077
0.000077
0.000077
0.000077
0.000077
0.000077
0.000077
0.000077
0.000077
0.000077
0.000077
0.000077
0.000107
0.000107
0.000179
0.000077
0.000077
0.000225
0.000085
0.000077
0.000077
0.000077
0.000077
0.000103
0.001508
0.000115
0.000562
0.000502
0.000430
0.000103
0.000103
0.000087
0.000087
0.000219
0.000662
0.000077
0.000077
0.000077
0.000206
0.000077
0.000077
0.000077
0.000077
0.000077
0.000077
0.000077
0.000089
0.000077
0.000077
0.000088
0.000130
0.000077
0.000077
0.000077
0.000077
0.000081
0.000077
0.000077
0.000077
0.000286
0.000077
0.000077
0.000142
0.001837
0.001837
0.000214
0.000214
0.001837
0.000214
0.000185
0.000214
0.000214
0.000214
0.000214
0.000214
0.000214
0.000214
0.000214
0.000214
0.000214
0.000214
0.000214
0.000214
0.000214
0.000214
0.000214
0.000214
0.000214
0.000214
0.000214
0.000214
0.000185
0.000149
0.000077
0.000080
0.000135
0.000077
0.001130
0.000142
0.000185
0.000438
0.001476
0.000502
0.000450
0.000420
0.000331
0.000077
0.000077
0.000077
0.000077
0.000116
0.000077
0.000077
0.000742
0.000077
0.000077
0.000077
0.000077
0.000077
0.000077
0.000077
0.000077
0.000077
0.000077
0.000077
0.000077
0.000077
0.000077
0.000077
0.000077
0.000077
0.000077
0.000077
0.000077
0.000077
0.000077
0.000077
0.000077
0.000090
0.000077
0.000077
0.000077
0.000077
0.000077
0.000077
0.000077
0.000077
0.000077
0.000077
0.000077
0.000077
0.000077
0.000077
0.000077
0.000077
0.000077
0.000077
0.000077
0.000077
0.000077
0.000077
0.000077
0.000077
0.000077
0.000077
0.000077
0.000077
0.000124
0.000133
0.000133
0.000133
0.000133
0.000683
0.000683
0.000077
0.000077
0.000077
0.000077
0.000077
0.000147
0.000077
0.000077
0.000077
0.000077
0.000077
0.000077
0.000134
0.000077
0.000218
0.000723
0.000133
0.000133
0.000330
0.000077
0.000077
0.000077
0.000077
0.000078
0.000077
0.000077
0.000077
0.000077
0.000124
0.000077
0.000077
0.000371
0.000371
0.000371
0.000077
0.000077
0.000077
0.000077
0.000077
0.000077
0.000077
0.000077
0.000077
0.000077
0.000077
0.000077
0.000077
0.000077
0.000077
0.000077
0.000565
0.000146
0.000077
0.000109
0.000159
0.000109
0.000109
0.000109
0.000109
0.000077
0.000077
0.000077
0.000077
0.000077
0.000077
0.000077
0.000077
0.000077
0.000077
0.000077
0.000077
0.000077
0.000077
0.000077
0.000077
0.000077
0.000077
0.000077
0.000077
0.000077
0.000077
0.000077
0.000077
0.000077
0.000077
0.000077
0.000077
0.000077
0.000077
0.000077
0.000077
0.000077
0.000077
0.000077
0.000077
0.000311
0.000304
0.000160
0.000135
0.000081
0.000081
0.000081
0.000081
0.000081
0.000081
0.000081
0.000081
0.000081
0.000081
0.000081
0.000081
0.000081
0.000081
0.000081
0.000081
0.000081
0.000081
0.000081
0.000081
0.000081
0.000081
0.000081
0.000081
0.000081
0.000081
0.000081
0.000081
0.000081
0.000081
0.000081
0.000081
0.000081
0.000081
0.000242
0.000160
0.000218
0.000092
0.000105
0.000081
0.000092
0.000298
0.000107
0.000285
0.000210
0.000213
0.000280
0.000280
0.000152
0.000178
0.000077
0.000081
0.000077
0.000077
0.000077
0.000077
0.000077
0.000360
0.000345
0.000259
0.000317
0.000323
0.000313
0.000186
0.000321
0.000266
0.000555
0.000410
0.000315
0.000193
0.000193
0.000193
0.000193
0.000332
0.000077
0.000077
0.000077
0.000077
0.000077
0.000077
0.000148
0.000077
0.000077
0.000077
0.000077
0.000077
0.000077
0.000077
0.000077
0.000077
0.000077
0.000077
0.000077
0.000077
0.000077
0.000077
0.000077
0.000077
0.000077
0.000077
0.000077
0.000077
0.000077
0.000077
0.000077
0.000077
0.000077
0.000077
0.000077
0.000077
0.000090
0.000077
0.000077
0.000077
0.000077
0.000077
0.000077
0.000077
0.000077
0.000077
0.000083
0.000259
0.000150
0.000083
0.000083
0.000523
0.000083
0.000201
0.000133
0.000083
0.000083
0.000077
0.000250
0.000283
0.000077
0.000077
0.000077
0.000077
0.000077
0.000077
0.000077
0.000077
0.000115
0.000077
0.000077
0.000077
0.000077
0.000077
0.000077
0.000077
0.000077
0.000077
0.000077
0.000077
0.000144
0.000077
0.000077
0.000077
0.000077
0.000077
0.000077
0.000083
0.000220
0.000137
0.000083
0.000083
0.000077
0.000077
0.000087
0.000207
0.000135
0.000087
0.000087
0.000077
0.000077
0.000077
0.000077
0.000077
0.000077
0.000077
0.000093
0.000082
0.000082
0.000082
0.000082
0.000082
0.000082
0.000082
0.000082
0.000082
0.000082
0.000082
0.000082
0.000082
0.000082
0.000082
0.000082
0.000077
0.000077
0.000077
0.000077
0.000077
0.000077
0.000077
0.000077
0.000077
0.000077
0.000077
0.000077
0.000077
0.000082
0.000082
0.000093
0.000127
0.000127
0.000093
0.000093
0.000077
0.000082
0.000077
0.000077
0.000077
0.000077
0.001592
0.000077
0.000077
0.000077
0.000127
0.000122
0.000083
0.000083
0.000083
0.000083
0.000083
0.000083
0.000083
0.000083
0.000083
0.000077
0.000884
0.000083
0.000099
0.000471
0.000638
0.000084
0.000077
0.000077
0.000077
0.000077
0.000077
0.000077
0.000077
0.000077
0.000077
0.000077
0.000077
0.000200
0.000200
0.000077
0.000077
0.000077
0.000077
0.000077
0.000077
